0.0,0.0,0.0,0.0,0.0,0.0,0.0,0.0,0.0,0.0,0.0,0.0,0.0,0.0,0.0,0.0,0.0,0.0,0.0,0.0,0.0,0.0,0.0,0.0,0.0,0.0,0.0,0.0,0.0,0.0,0.0,0.0,0.0,0.0,0.0,0.0,0.0,0.0,0.0,0.0,0.0,0.0,0.0,0.0,0.0,0.0,0.0,0.0,0.0,0.0,0.0,0.0,0.0,0.0,0.0,0.0,0.0,0.0,0.0,0.0,0.0,0.0,0.0,0.0,0.0,0.0,0.0,0.0,0.0,0.0,0.0,0.0,0.0,0.0,0.0,0.0,0.0,0.0,0.0,0.0,0.0,0.0,0.0,0.0,0.0,0.0,0.0,0.0,0.0,0.0,0.0,0.0,0.0,0.0,0.0,0.0,0.0,0.0,0.0,0.0,0.0,0.0,0.0,0.0,0.0,0.0,0.0,0.0,0.0,0.0,0.0,0.0,0.0,0.0,0.0,0.0,0.0,0.0,0.0,0.0,0.0,0.0,0.0,0.0,0.0,0.0,0.0,0.0,0.0,0.0,0.0,0.0,0.0,0.0,0.0,0.0,0.0,0.0,0.0,0.0,0.0,0.0,0.0,0.0,0.0,0.0,0.0,0.0,0.0,0.0,0.0,0.0,0.0,0.0,0.0,0.0,0.0,0.0,0.0,0.0,0.0,0.0,0.0,0.0,0.0,0.0,0.0,0.0,0.0,0.0,0.0,0.0,0.0,0.0,0.0,0.0,0.0,0.0,0.0,0.0,0.0,0.0,0.0,0.0,0.0,0.0,0.0,0.0,0.0,0.0,0.0,0.0,0.0,0.0,0.0,0.0,0.0,0.0,0.0,0.0
0.0,0.0,0.00050926825,9.0208885e-10,0.001654669,0.0,0.0,2.884758e-10,0.0002390944,0.0,0.0,0.00023790772,0.0,0.0,2.0434389e-05,0.0,0.0,3.5944695e-06,0.00016324045,0.00014004523,4.4135396e-07,0.0014989185,1.8309805e-05,4.7890353e-07,0.0,0.0,1.2826619e-05,0.0,0.0,0.0,0.0,6.221476e-07,0.0,0.0,0.0013464283,0.0,4.279319e-08,0.0,0.0030450027,0.0,0.0,0.0,0.0,0.0,0.0020512948,0.0,5.193327e-05,1.3585947e-05,0.0,0.0,6.3629307e-07,0.0,0.00043189785,2.3144326e-05,0.0,0.0,0.0,2.1621905e-07,0.0,0.0,0.0014004923,6.2096785e-07,2.0140055e-06,0.0,0.0014905584,0.0,4.794152e-07,0.00021766074,0.0,0.0,0.0,0.0,0.0,0.0,0.0,0.0,0.0,0.0,8.9393215e-12,0.0,0.0,0.0,0.00018787499,3.4429177e-05,0.0,0.0,0.0,0.0,0.0,0.0,0.0,0.0,0.0009035739,0.00023557954,0.0,0.0,0.0,0.0,8.2450475e-05,0.0005041006,0.0,0.0,0.0,0.00107631,9.8376186e-05,0.0,0.0,1.0893772e-06,0.0,3.3928854e-06,0.0017448871,0.0,3.125332e-05,0.00011291738,4.3870144e-10,0.0011611391,0.0006313499,1.8876327e-06,0.0,0.0013576908,0.0,3.9748543e-13,0.00036585593,0.0,6.167635e-08,0.003266729,0.0003657701,0.0,0.0,0.0,0.0,0.0,0.0,0.00016402898,0.0,0.0,0.00042729144,4.376327e-10,0.0010489906,0.00022335874,0.0,0.0,0.0,0.0016808513,0.000745828,0.00034241597,0.0012226537,0.001457586,0.0,0.0,0.0,0.0036405912,0.00090779265,0.00011527444,0.0,3.66121e-12,0.0,0.0,0.0003100866,2.0935224e-13,5.0953222e-08,0.0008211227,0.0,0.0010901134,2.36781e-12,1.5065713e-10,0.0,0.0,0.0020712407,0.0,0.00013411467,1.5766958e-05,0.0025666084,0.0,0.0,0.0,0.0015296651,0.0,0.00096334994,3.4450215e-05,0.0,0.0033822895,0.0,7.0503824e-14,0.0,0.00057053915,0.0,0.0010388393,1.368595e-11,0.0,0.0,0.0,0.0,0.00019017314,0.0,0.0,0.0,0.0,0.0,0.0
0.0,0.00050926825,0.0,0.0001924787,0.115792684,0.0,0.0,3.386886e-06,0.04613012,0.0,0.0,0.074869566,0.0,0.0,0.015927617,0.0,0.0,0.00075072324,0.020774618,0.06804988,0.001525362,0.014188915,0.043665595,0.007347905,0.0,0.0,0.00025801794,0.0,0.0004612055,0.0,0.0,0.041290417,0.0,0.0,0.026938766,0.0,0.00033273146,0.0,0.042778008,0.0,0.0,0.0,0.0,0.0,0.08961722,0.0,0.009610088,0.038516868,0.0,0.0,0.008537917,0.00013440826,0.022220526,0.00022076727,0.0,0.0,0.0,0.082295574,0.0,0.0,0.019005876,0.027306082,0.08605653,0.0,0.033728413,0.0,0.011642214,0.045696467,0.0,0.0,0.0,0.0,0.0,0.0,0.0,0.0,0.0,0.0,1.13643495e-07,0.0,0.0,0.0,0.005872139,0.0003572171,0.0,0.0,0.0,0.0,0.0,0.0,0.0,0.0,0.013330865,0.04043237,0.00050697237,0.0,0.0,0.0,0.03587882,0.23363774,0.0,0.0,0.0,0.042670403,0.03036969,0.0,0.0,0.01621529,0.0,0.0038347058,0.09970471,0.0,0.00017171232,0.017693914,0.00019446149,0.0041349097,0.03425305,0.001664664,2.3114622e-05,0.07610783,0.0,0.00082355656,0.018913638,0.0,0.021352548,0.04707613,0.0030885166,0.0,0.0,0.0,0.0,0.0,5.5787814e-06,0.049977854,0.0,0.0,0.11055325,0.029909177,0.05297421,0.0008305922,0.0,0.0,0.0,0.011499049,0.02256213,0.006450509,0.10831933,0.03569132,0.0,0.0,7.313259e-07,0.052176397,0.04094407,0.026153084,0.0,4.795093e-08,0.0,0.0,0.014953657,0.004519986,0.0019744,0.010828343,0.0,0.08045887,0.0005710372,0.0009343727,0.0,0.0,0.029682025,0.0,0.023630833,0.022029813,0.029100804,0.0,0.0,0.0,0.09095919,1.4451231e-06,0.17937456,0.031788792,0.0,0.051235307,0.0,0.00016735628,0.0,0.024994424,0.0,0.0180849,3.2117452e-08,0.0,0.0,0.0,0.0,0.018935787,0.0001079996,0.0,0.0,0.0005681689,0.0,0.0
0.0,9.0208885e-10,0.0001924787,0.0,0.004320067,0.0,0.0,1.3378949e-05,0.000985063,0.0,0.0,0.00053270627,0.0,0.0,0.0004207057,0.0,0.0,0.0,0.0032677308,0.00032386472,0.0,0.0028589128,0.00030716028,0.005336744,0.0,0.0,1.2604441e-08,0.0,0.00055079826,0.0,0.0,0.0007196597,0.0,0.0,0.0004600403,0.0,2.167669e-07,0.0,0.00046791643,0.0,0.0,0.0,0.0,0.0,0.000760724,0.0,9.785755e-06,0.003305993,0.0,0.0,0.0017502,8.652048e-07,0.0040322295,6.28316e-09,0.0,0.0,0.0,0.00032075364,0.0,0.0,0.0003093399,0.0024662283,0.0004567051,0.0,0.006952823,0.0,0.009208933,0.00022044289,0.0,0.0,0.0,0.0,0.0,0.0,0.0,0.0,0.0,0.0,0.0,0.0,0.0,0.0,0.00057130196,1.5828067e-05,0.0,0.0,0.0,0.0,0.0,0.0,0.0,0.0,0.0005716671,0.000372447,3.1538286e-06,0.0,0.0,0.0,0.00027256832,0.00043638117,0.0,0.0,0.0,0.0064840578,0.007029069,0.0,0.0,0.002460767,0.0,6.7979533e-07,0.0033174674,0.0,0.0,0.0026521897,1.657224e-05,0.0007199628,0.0010688163,7.9757985e-05,5.5010834e-05,0.0006046743,0.0,1.843462e-08,0.0043579643,0.0,0.009695327,0.00060874387,1.1260547e-05,0.0,0.0,0.0,0.0,0.0,1.3277022e-05,1.7256474e-05,0.0,0.0,0.0013488276,5.741793e-05,0.0005680401,2.0120533e-05,0.0,0.0,0.0,1.5375932e-07,0.00092992553,0.00018317068,0.0006432947,0.0042911177,0.0,0.0,0.0,0.00057222025,0.004613815,0.002547221,0.0,1.6979989e-07,0.0,0.0,0.0066386065,9.709357e-09,1.9002668e-05,0.0024599112,0.0,0.0026901357,5.3070846e-05,4.6761666e-06,0.0,0.0,0.0003657891,0.0,0.0032285429,0.00016923452,0.0034044532,0.0,0.0,0.0,0.0049873837,3.4392692e-06,5.8508635e-05,0.00013963997,0.0,1.9971303e-05,0.0,3.269831e-09,0.0,1.5598462e-05,0.0,0.00054943125,6.347285e-07,0.0,0.0,0.0,0.0,0.010758092,0.00015652626,0.0,0.0,2.176899e-05,0.0,0.0
0.0,0.001654669,0.115792684,0.004320067,0.0,0.0,0.0,0.00014192075,0.090504505,0.0,0.0,0.27507648,0.0,0.0,0.05949837,0.0,0.0,0.0,0.0206163,0.2709022,0.00089312124,0.023457294,0.13007136,0.100193545,0.0,0.0,0.0011175587,0.0,0.005044553,0.0,0.0,0.05399225,0.0,0.0,0.021482404,0.0,0.0034594182,0.0,0.04169251,0.0,0.0,0.0,0.0,0.0,0.08140422,0.0,0.02373237,0.078019,0.0,0.0,0.030363906,1.4964726e-05,0.055625506,0.00043804332,0.0,0.0,0.0,0.031907137,0.0,0.0,0.07085207,0.054172326,0.07299454,0.0,0.1006195,0.0,0.13053112,0.04003654,0.0,0.0,0.0,0.0,0.0,0.0,0.0,0.0,0.0,0.0,0.0,0.0,0.0,0.0,0.012257042,0.002227948,0.0,0.0,0.0,0.0,0.0,0.0,0.0,0.0,0.15457015,0.007985729,0.0010794752,0.0,0.0,0.0,0.12470348,0.36760697,0.0,0.0,0.0,0.07914044,0.16850653,0.0,0.0,0.040914837,0.0,0.010039655,0.7822216,0.0,0.0,0.015900128,0.0002586989,0.022187091,0.030578768,0.0148803545,0.0004733748,0.048692755,0.0,0.003062968,0.03439404,0.0,0.17955887,0.046010472,0.0063823056,0.0,0.0,0.0,0.0,0.0,0.00011425039,0.09820003,0.0,0.0,0.17930646,0.008885942,0.494431,0.0002378822,0.0,0.0,0.0,0.02284725,0.17736539,0.009740853,0.39489067,0.04411507,0.0,0.0,0.00017784533,0.051805716,0.09536437,0.08323618,0.0,5.024007e-06,0.0,0.0,0.23889293,0.0071408977,0.0025254306,0.036772758,0.0,0.35029647,0.0035430018,0.0027717147,0.0,0.0,0.026507238,0.0,0.06518711,0.010901912,0.06384247,0.0,0.0,0.0,0.84376186,2.9595325e-05,0.36771742,0.16418548,0.0,0.08141037,0.0,9.9030134e-05,0.0,0.074268825,0.0,0.18646011,2.5629038e-06,0.0,0.0,0.0,0.0,0.41965267,0.0013883095,0.0,0.0,5.9146238e-05,0.0,0.0
0.0,0.0,0.0,0.0,0.0,0.0,0.0,0.0,0.0,0.0,0.0,0.0,0.0,0.0,0.0,0.0,0.0,0.0,0.0,0.0,0.0,0.0,0.0,0.0,0.0,0.0,0.0,0.0,0.0,0.0,0.0,0.0,0.0,0.0,0.0,0.0,0.0,0.0,0.0,0.0,0.0,0.0,0.0,0.0,0.0,0.0,0.0,0.0,0.0,0.0,0.0,0.0,0.0,0.0,0.0,0.0,0.0,0.0,0.0,0.0,0.0,0.0,0.0,0.0,0.0,0.0,0.0,0.0,0.0,0.0,0.0,0.0,0.0,0.0,0.0,0.0,0.0,0.0,0.0,0.0,0.0,0.0,0.0,0.0,0.0,0.0,0.0,0.0,0.0,0.0,0.0,0.0,0.0,0.0,0.0,0.0,0.0,0.0,0.0,0.0,0.0,0.0,0.0,0.0,0.0,0.0,0.0,0.0,0.0,0.0,0.0,0.0,0.0,0.0,0.0,0.0,0.0,0.0,0.0,0.0,0.0,0.0,0.0,0.0,0.0,0.0,0.0,0.0,0.0,0.0,0.0,0.0,0.0,0.0,0.0,0.0,0.0,0.0,0.0,0.0,0.0,0.0,0.0,0.0,0.0,0.0,0.0,0.0,0.0,0.0,0.0,0.0,0.0,0.0,0.0,0.0,0.0,0.0,0.0,0.0,0.0,0.0,0.0,0.0,0.0,0.0,0.0,0.0,0.0,0.0,0.0,0.0,0.0,0.0,0.0,0.0,0.0,0.0,0.0,0.0,0.0,0.0,0.0,0.0,0.0,0.0,0.0,0.0,0.0,0.0,0.0,0.0,0.0,0.0,0.0,0.0,0.0,0.0,0.0,0.0
0.0,0.0,0.0,0.0,0.0,0.0,0.0,0.0,0.0,0.0,0.0,0.0,0.0,0.0,0.0,0.0,0.0,0.0,0.0,0.0,0.0,0.0,0.0,0.0,0.0,0.0,0.0,0.0,0.0,0.0,0.0,0.0,0.0,0.0,0.0,0.0,0.0,0.0,0.0,0.0,0.0,0.0,0.0,0.0,0.0,0.0,0.0,0.0,0.0,0.0,0.0,0.0,0.0,0.0,0.0,0.0,0.0,0.0,0.0,0.0,0.0,0.0,0.0,0.0,0.0,0.0,0.0,0.0,0.0,0.0,0.0,0.0,0.0,0.0,0.0,0.0,0.0,0.0,0.0,0.0,0.0,0.0,0.0,0.0,0.0,0.0,0.0,0.0,0.0,0.0,0.0,0.0,0.0,0.0,0.0,0.0,0.0,0.0,0.0,0.0,0.0,0.0,0.0,0.0,0.0,0.0,0.0,0.0,0.0,0.0,0.0,0.0,0.0,0.0,0.0,0.0,0.0,0.0,0.0,0.0,0.0,0.0,0.0,0.0,0.0,0.0,0.0,0.0,0.0,0.0,0.0,0.0,0.0,0.0,0.0,0.0,0.0,0.0,0.0,0.0,0.0,0.0,0.0,0.0,0.0,0.0,0.0,0.0,0.0,0.0,0.0,0.0,0.0,0.0,0.0,0.0,0.0,0.0,0.0,0.0,0.0,0.0,0.0,0.0,0.0,0.0,0.0,0.0,0.0,0.0,0.0,0.0,0.0,0.0,0.0,0.0,0.0,0.0,0.0,0.0,0.0,0.0,0.0,0.0,0.0,0.0,0.0,0.0,0.0,0.0,0.0,0.0,0.0,0.0,0.0,0.0,0.0,0.0,0.0,0.0
0.0,2.884758e-10,3.386886e-06,1.3378949e-05,0.00014192075,0.0,0.0,0.0,0.00013224545,0.0,0.0,9.275191e-05,0.0,0.0,1.2324715e-05,0.0,0.0,0.0,0.00084050634,3.3512875e-05,0.0,0.0011002038,2.0914733e-05,0.00055165007,0.0,0.0,4.0307304e-09,0.0,0.0,0.0,0.0,9.4703944e-05,0.0,0.0,0.00013819674,0.0,8.1683737e-07,0.0,3.7728776e-05,0.0,0.0,0.0,0.0,0.0,6.622764e-05,0.0,4.2568143e-05,0.00047690526,0.0,0.0,4.7514127e-06,0.0,0.0010916272,2.0092699e-09,0.0,0.0,0.0,0.0006665213,0.0,0.0,0.0011920859,6.5413806e-05,0.00060936273,0.0,0.0016838614,0.0,0.0012242892,0.000639106,0.0,0.0,0.0,0.0,0.0,0.0,0.0,0.0,0.0,0.0,0.0,0.0,0.0,0.0,6.829501e-05,1.7700995e-05,0.0,0.0,0.0,0.0,0.0,0.0,0.0,0.0,3.917693e-05,1.330149e-05,5.828067e-08,0.0,0.0,0.0,7.276165e-05,9.358388e-05,0.0,0.0,0.0,0.0007380449,0.00087828294,0.0,0.0,0.0010871888,0.0,8.306742e-06,0.00011038417,0.0,0.0,0.0011312395,0.0,3.4749673e-06,0.00012106607,1.2812398e-05,0.0,3.2889966e-05,0.0,1.9719193e-05,1.38293535e-05,0.0,0.0005078884,2.6678392e-05,3.321164e-06,0.0,0.0,0.0,0.0,0.0,0.0,3.2095118e-06,0.0,0.0,0.0001064439,7.6280485e-05,6.838636e-05,6.4342707e-06,0.0,0.0,0.0,6.000667e-07,8.130883e-05,0.00012681297,0.00010810801,0.0005720637,0.0,0.0,2.6851882e-07,3.5288336e-05,0.00298358,0.00035735904,0.0,6.3985243e-07,0.0,0.0,0.00018858696,7.9535727e-07,1.7779857e-06,0.00021557654,0.0,0.0006583244,4.8111497e-07,2.580303e-06,0.0,0.0,8.298755e-06,0.0,0.0009919384,0.00034313847,0.0025695998,0.0,0.0,0.0,0.00011671574,0.0,8.83944e-06,3.401397e-05,0.0,5.7505154e-06,0.0,9.468749e-07,0.0,5.1063547e-05,0.0,4.4887754e-05,2.391832e-06,0.0,0.0,0.0,0.0,0.0013305369,0.0,0.0,0.0,0.0,0.0,0.0
0.0,0.0002390944,0.04613012,0.000985063,0.090504505,0.0,0.0,0.00013224545,0.0,0.0,0.0,0.50499344,0.0,0.0,0.018697487,0.0,0.0,0.0008886752,0.20088817,0.34453204,0.0018883506,0.18738991,0.023459801,0.044630364,0.0,0.0,6.1679175e-06,0.0,0.0035565437,0.0,0.0,0.19311422,0.0,0.0,0.33559334,0.0,0.0007699788,0.0,0.104614235,0.0,0.0,0.0,0.0,0.0,0.017774705,0.0,0.13387524,0.33419988,0.0,0.0,0.010705781,2.5174538e-06,0.19377303,3.0746307e-06,0.0,0.0,0.0,0.41068423,0.0,0.0,0.018454326,0.21107629,0.66856885,0.0,0.08964533,0.0,0.091702804,0.53960574,0.0,0.0,0.0,0.0,0.0,0.0,0.0,0.0,0.0,0.0,0.0021251652,0.0,0.0,0.0,0.052462462,0.0053407094,0.0,0.0,0.0,0.0,0.0,0.0,0.0,0.0,0.09983739,0.08918494,0.00013561836,0.0,0.0,0.0,0.01125163,0.21550584,0.0,0.0,0.0,0.15081702,0.042846505,0.0,0.0,0.16451307,0.0,0.018877884,0.056544773,0.0,0.0012682925,0.19723935,0.0024321417,0.022160105,0.55847883,0.011882595,2.447945e-07,0.07757697,0.0,0.0034727738,0.07607029,0.0,0.094791405,0.10035116,0.007886282,0.0,0.0,0.0,0.0,0.0,5.9081895e-08,0.021647505,0.0,0.0,0.3647439,0.018717429,0.055845506,0.028737409,0.0,0.0,0.0,0.009089901,0.15506315,0.071968935,0.15470001,0.2038608,0.0,0.0,0.00062674226,0.13227545,0.11015788,0.5486765,0.0,0.000101556056,0.0,0.0,0.080066375,0.002205089,0.006316623,0.11442422,0.0,0.025038328,0.00041909097,0.0055748923,0.0,0.0,0.051211674,0.0,0.5038969,0.102756046,0.08764922,0.0,0.0,0.0,0.06261804,1.5304526e-08,0.10832522,0.088894695,0.0,0.06222643,0.0,0.001980354,0.0,0.02790549,0.0,0.10052398,4.84873e-05,0.0,0.0,0.0,0.0,0.095865004,0.0005236914,0.0,0.0,5.9032333e-05,0.0,0.0
0.0,0.0,0.0,0.0,0.0,0.0,0.0,0.0,0.0,0.0,0.0,0.0,0.0,0.0,0.0,0.0,0.0,0.0,0.0,0.0,0.0,0.0,0.0,0.0,0.0,0.0,0.0,0.0,0.0,0.0,0.0,0.0,0.0,0.0,0.0,0.0,0.0,0.0,0.0,0.0,0.0,0.0,0.0,0.0,0.0,0.0,0.0,0.0,0.0,0.0,0.0,0.0,0.0,0.0,0.0,0.0,0.0,0.0,0.0,0.0,0.0,0.0,0.0,0.0,0.0,0.0,0.0,0.0,0.0,0.0,0.0,0.0,0.0,0.0,0.0,0.0,0.0,0.0,0.0,0.0,0.0,0.0,0.0,0.0,0.0,0.0,0.0,0.0,0.0,0.0,0.0,0.0,0.0,0.0,0.0,0.0,0.0,0.0,0.0,0.0,0.0,0.0,0.0,0.0,0.0,0.0,0.0,0.0,0.0,0.0,0.0,0.0,0.0,0.0,0.0,0.0,0.0,0.0,0.0,0.0,0.0,0.0,0.0,0.0,0.0,0.0,0.0,0.0,0.0,0.0,0.0,0.0,0.0,0.0,0.0,0.0,0.0,0.0,0.0,0.0,0.0,0.0,0.0,0.0,0.0,0.0,0.0,0.0,0.0,0.0,0.0,0.0,0.0,0.0,0.0,0.0,0.0,0.0,0.0,0.0,0.0,0.0,0.0,0.0,0.0,0.0,0.0,0.0,0.0,0.0,0.0,0.0,0.0,0.0,0.0,0.0,0.0,0.0,0.0,0.0,0.0,0.0,0.0,0.0,0.0,0.0,0.0,0.0,0.0,0.0,0.0,0.0,0.0,0.0,0.0,0.0,0.0,0.0,0.0,0.0
0.0,0.0,0.0,0.0,0.0,0.0,0.0,0.0,0.0,0.0,0.0,0.0,0.0,0.0,0.0,0.0,0.0,0.0,0.0,0.0,0.0,0.0,0.0,0.0,0.0,0.0,0.0,0.0,0.0,0.0,0.0,0.0,0.0,0.0,0.0,0.0,0.0,0.0,0.0,0.0,0.0,0.0,0.0,0.0,0.0,0.0,0.0,0.0,0.0,0.0,0.0,0.0,0.0,0.0,0.0,0.0,0.0,0.0,0.0,0.0,0.0,0.0,0.0,0.0,0.0,0.0,0.0,0.0,0.0,0.0,0.0,0.0,0.0,0.0,0.0,0.0,0.0,0.0,0.0,0.0,0.0,0.0,0.0,0.0,0.0,0.0,0.0,0.0,0.0,0.0,0.0,0.0,0.0,0.0,0.0,0.0,0.0,0.0,0.0,0.0,0.0,0.0,0.0,0.0,0.0,0.0,0.0,0.0,0.0,0.0,0.0,0.0,0.0,0.0,0.0,0.0,0.0,0.0,0.0,0.0,0.0,0.0,0.0,0.0,0.0,0.0,0.0,0.0,0.0,0.0,0.0,0.0,0.0,0.0,0.0,0.0,0.0,0.0,0.0,0.0,0.0,0.0,0.0,0.0,0.0,0.0,0.0,0.0,0.0,0.0,0.0,0.0,0.0,0.0,0.0,0.0,0.0,0.0,0.0,0.0,0.0,0.0,0.0,0.0,0.0,0.0,0.0,0.0,0.0,0.0,0.0,0.0,0.0,0.0,0.0,0.0,0.0,0.0,0.0,0.0,0.0,0.0,0.0,0.0,0.0,0.0,0.0,0.0,0.0,0.0,0.0,0.0,0.0,0.0,0.0,0.0,0.0,0.0,0.0,0.0
0.0,0.00023790772,0.074869566,0.00053270627,0.27507648,0.0,0.0,9.275191e-05,0.50499344,0.0,0.0,0.0,0.0,0.0,0.016975358,0.0,0.0,0.004527989,0.15116903,0.13692641,0.0046288334,0.09846518,0.13806736,0.004341549,0.0,0.0,0.00046096402,0.0,0.002684218,0.0,0.0,0.018690687,0.0,0.0,0.083399326,0.0,0.0020429739,0.0,0.064894386,0.0,0.0,0.0,0.0,0.0,0.09820488,0.0,0.07529509,0.01536568,0.0,0.0,0.011640339,1.8999896e-06,0.13183573,0.00022978491,0.0,0.0,0.0,0.012282781,0.0,0.0,0.0052235993,0.030499883,0.0089935,0.0,0.05735157,0.0,0.018550891,0.3702542,0.0,0.0,0.0,0.0,0.0,0.0,0.0,0.0,0.0,0.0,7.5092885e-06,0.0,0.0,0.0,0.037733845,0.0060358047,0.0,0.0,0.0,0.0,0.0,0.0,0.0,0.0,0.3395381,0.08295212,0.0010127324,0.0,0.0,0.0,0.064559914,0.48806173,0.0,0.0,0.0,0.17232452,0.009684395,0.0,0.0,0.10544791,0.0,0.027899507,0.29994282,0.0,0.0044584065,0.09842656,0.00035433788,0.022076558,0.21409711,0.010415991,1.8475296e-07,0.057501566,0.0,0.0011846774,0.044324838,0.0,0.041421365,0.08115746,0.0037546211,0.0,0.0,0.0,0.0,0.0,4.4590685e-08,0.07858472,0.0,0.0,0.28606445,0.023343896,0.3132423,0.006170547,0.0,0.0,0.0,0.008665522,0.36755347,0.050686013,0.3967634,0.18552603,0.0,0.0,1.3473491e-05,0.10720305,0.06384468,0.18763548,0.0,3.9003313e-05,0.0,0.0,0.023721736,0.013984252,0.005072068,0.14470181,0.0,0.09285128,0.00578954,0.011468184,0.0,0.0,0.06534359,0.0,0.18366237,0.060742807,0.038235962,0.0,0.0,0.0,0.21819912,1.1550733e-08,0.25518075,0.20275241,0.0,0.0467578,0.0,0.0006040235,0.0,0.18870129,0.0,0.2952088,1.9831306e-05,0.0,0.0,0.0,0.0,0.0820475,0.00039524393,0.0,0.0,4.4553275e-05,0.0,0.0
0.0,0.0,0.0,0.0,0.0,0.0,0.0,0.0,0.0,0.0,0.0,0.0,0.0,0.0,0.0,0.0,0.0,0.0,0.0,0.0,0.0,0.0,0.0,0.0,0.0,0.0,0.0,0.0,0.0,0.0,0.0,0.0,0.0,0.0,0.0,0.0,0.0,0.0,0.0,0.0,0.0,0.0,0.0,0.0,0.0,0.0,0.0,0.0,0.0,0.0,0.0,0.0,0.0,0.0,0.0,0.0,0.0,0.0,0.0,0.0,0.0,0.0,0.0,0.0,0.0,0.0,0.0,0.0,0.0,0.0,0.0,0.0,0.0,0.0,0.0,0.0,0.0,0.0,0.0,0.0,0.0,0.0,0.0,0.0,0.0,0.0,0.0,0.0,0.0,0.0,0.0,0.0,0.0,0.0,0.0,0.0,0.0,0.0,0.0,0.0,0.0,0.0,0.0,0.0,0.0,0.0,0.0,0.0,0.0,0.0,0.0,0.0,0.0,0.0,0.0,0.0,0.0,0.0,0.0,0.0,0.0,0.0,0.0,0.0,0.0,0.0,0.0,0.0,0.0,0.0,0.0,0.0,0.0,0.0,0.0,0.0,0.0,0.0,0.0,0.0,0.0,0.0,0.0,0.0,0.0,0.0,0.0,0.0,0.0,0.0,0.0,0.0,0.0,0.0,0.0,0.0,0.0,0.0,0.0,0.0,0.0,0.0,0.0,0.0,0.0,0.0,0.0,0.0,0.0,0.0,0.0,0.0,0.0,0.0,0.0,0.0,0.0,0.0,0.0,0.0,0.0,0.0,0.0,0.0,0.0,0.0,0.0,0.0,0.0,0.0,0.0,0.0,0.0,0.0,0.0,0.0,0.0,0.0,0.0,0.0
0.0,0.0,0.0,0.0,0.0,0.0,0.0,0.0,0.0,0.0,0.0,0.0,0.0,0.0,0.0,0.0,0.0,0.0,0.0,0.0,0.0,0.0,0.0,0.0,0.0,0.0,0.0,0.0,0.0,0.0,0.0,0.0,0.0,0.0,0.0,0.0,0.0,0.0,0.0,0.0,0.0,0.0,0.0,0.0,0.0,0.0,0.0,0.0,0.0,0.0,0.0,0.0,0.0,0.0,0.0,0.0,0.0,0.0,0.0,0.0,0.0,0.0,0.0,0.0,0.0,0.0,0.0,0.0,0.0,0.0,0.0,0.0,0.0,0.0,0.0,0.0,0.0,0.0,0.0,0.0,0.0,0.0,0.0,0.0,0.0,0.0,0.0,0.0,0.0,0.0,0.0,0.0,0.0,0.0,0.0,0.0,0.0,0.0,0.0,0.0,0.0,0.0,0.0,0.0,0.0,0.0,0.0,0.0,0.0,0.0,0.0,0.0,0.0,0.0,0.0,0.0,0.0,0.0,0.0,0.0,0.0,0.0,0.0,0.0,0.0,0.0,0.0,0.0,0.0,0.0,0.0,0.0,0.0,0.0,0.0,0.0,0.0,0.0,0.0,0.0,0.0,0.0,0.0,0.0,0.0,0.0,0.0,0.0,0.0,0.0,0.0,0.0,0.0,0.0,0.0,0.0,0.0,0.0,0.0,0.0,0.0,0.0,0.0,0.0,0.0,0.0,0.0,0.0,0.0,0.0,0.0,0.0,0.0,0.0,0.0,0.0,0.0,0.0,0.0,0.0,0.0,0.0,0.0,0.0,0.0,0.0,0.0,0.0,0.0,0.0,0.0,0.0,0.0,0.0,0.0,0.0,0.0,0.0,0.0,0.0
0.0,2.0434389e-05,0.015927617,0.0004207057,0.05949837,0.0,0.0,1.2324715e-05,0.018697487,0.0,0.0,0.016975358,0.0,0.0,0.0,0.0,0.0,0.0002886422,0.020319829,0.010426797,0.000997606,0.019084964,0.13405976,0.0074540596,0.0,0.0,7.358908e-05,0.0,0.0023286706,0.0,0.0,0.040295623,0.0,0.0,0.014375615,0.0,1.2843775e-05,0.0,0.008194627,0.0,0.0,0.0,0.0,0.0,0.018570563,0.0,0.023698753,0.05731684,0.0,0.0,0.0047736154,9.103697e-05,0.0053585498,7.42727e-05,0.0,0.0,0.0,0.032452367,0.0,0.0,0.004513943,0.02317422,0.012967944,0.0,0.01179925,0.0,0.0075773452,0.022159085,0.0,0.0,0.0,0.0,0.0,0.0,0.0,0.0,0.0,0.0,4.497871e-05,0.0,0.0,0.0,0.0010230577,0.00078185386,0.0,0.0,0.0,0.0,0.0,0.0,0.0,0.0,0.09356651,0.011332105,1.8714216e-05,0.0,0.0,0.0,0.071549974,0.15340832,0.0,0.0,0.0,0.0076542813,0.0018262865,0.0,0.0,0.018611988,0.0,0.00027828125,0.08428506,0.0,0.0003497028,0.023991248,0.00016676875,0.0048522386,0.051111702,0.0016798154,8.852341e-06,0.017661821,0.0,0.00022493099,0.0024677485,0.0,0.0060548917,0.009481556,0.0006602075,0.0,0.0,0.0,0.0,0.0,2.1365388e-06,0.009744805,0.0,0.0,0.08386925,0.0028885778,0.14928989,0.000832504,0.0,0.0,0.0,0.0026615886,0.09969133,0.003802688,0.06101777,0.004498146,0.0,0.0,6.101882e-05,0.010959696,0.015245274,0.122770295,0.0,5.339932e-08,0.0,0.0,0.055782337,0.0012261682,0.0059486334,0.014726796,0.0,0.011562719,4.9580565e-05,5.358431e-05,0.0,0.0,0.0074936054,0.0,0.07049062,0.0024867242,0.006451432,0.0,0.0,0.0,0.06800061,5.534472e-07,0.031445418,0.007897706,0.0,0.003695326,0.0,1.456636e-05,0.0,0.0066133104,0.0,0.09553481,1.9961188e-07,0.0,0.0,0.0,0.0,0.02024796,0.00032634064,0.0,0.0,0.0017017574,0.0,0.0
0.0,0.0,0.0,0.0,0.0,0.0,0.0,0.0,0.0,0.0,0.0,0.0,0.0,0.0,0.0,0.0,0.0,0.0,0.0,0.0,0.0,0.0,0.0,0.0,0.0,0.0,0.0,0.0,0.0,0.0,0.0,0.0,0.0,0.0,0.0,0.0,0.0,0.0,0.0,0.0,0.0,0.0,0.0,0.0,0.0,0.0,0.0,0.0,0.0,0.0,0.0,0.0,0.0,0.0,0.0,0.0,0.0,0.0,0.0,0.0,0.0,0.0,0.0,0.0,0.0,0.0,0.0,0.0,0.0,0.0,0.0,0.0,0.0,0.0,0.0,0.0,0.0,0.0,0.0,0.0,0.0,0.0,0.0,0.0,0.0,0.0,0.0,0.0,0.0,0.0,0.0,0.0,0.0,0.0,0.0,0.0,0.0,0.0,0.0,0.0,0.0,0.0,0.0,0.0,0.0,0.0,0.0,0.0,0.0,0.0,0.0,0.0,0.0,0.0,0.0,0.0,0.0,0.0,0.0,0.0,0.0,0.0,0.0,0.0,0.0,0.0,0.0,0.0,0.0,0.0,0.0,0.0,0.0,0.0,0.0,0.0,0.0,0.0,0.0,0.0,0.0,0.0,0.0,0.0,0.0,0.0,0.0,0.0,0.0,0.0,0.0,0.0,0.0,0.0,0.0,0.0,0.0,0.0,0.0,0.0,0.0,0.0,0.0,0.0,0.0,0.0,0.0,0.0,0.0,0.0,0.0,0.0,0.0,0.0,0.0,0.0,0.0,0.0,0.0,0.0,0.0,0.0,0.0,0.0,0.0,0.0,0.0,0.0,0.0,0.0,0.0,0.0,0.0,0.0,0.0,0.0,0.0,0.0,0.0,0.0
0.0,0.0,0.0,0.0,0.0,0.0,0.0,0.0,0.0,0.0,0.0,0.0,0.0,0.0,0.0,0.0,0.0,0.0,0.0,0.0,0.0,0.0,0.0,0.0,0.0,0.0,0.0,0.0,0.0,0.0,0.0,0.0,0.0,0.0,0.0,0.0,0.0,0.0,0.0,0.0,0.0,0.0,0.0,0.0,0.0,0.0,0.0,0.0,0.0,0.0,0.0,0.0,0.0,0.0,0.0,0.0,0.0,0.0,0.0,0.0,0.0,0.0,0.0,0.0,0.0,0.0,0.0,0.0,0.0,0.0,0.0,0.0,0.0,0.0,0.0,0.0,0.0,0.0,0.0,0.0,0.0,0.0,0.0,0.0,0.0,0.0,0.0,0.0,0.0,0.0,0.0,0.0,0.0,0.0,0.0,0.0,0.0,0.0,0.0,0.0,0.0,0.0,0.0,0.0,0.0,0.0,0.0,0.0,0.0,0.0,0.0,0.0,0.0,0.0,0.0,0.0,0.0,0.0,0.0,0.0,0.0,0.0,0.0,0.0,0.0,0.0,0.0,0.0,0.0,0.0,0.0,0.0,0.0,0.0,0.0,0.0,0.0,0.0,0.0,0.0,0.0,0.0,0.0,0.0,0.0,0.0,0.0,0.0,0.0,0.0,0.0,0.0,0.0,0.0,0.0,0.0,0.0,0.0,0.0,0.0,0.0,0.0,0.0,0.0,0.0,0.0,0.0,0.0,0.0,0.0,0.0,0.0,0.0,0.0,0.0,0.0,0.0,0.0,0.0,0.0,0.0,0.0,0.0,0.0,0.0,0.0,0.0,0.0,0.0,0.0,0.0,0.0,0.0,0.0,0.0,0.0,0.0,0.0,0.0,0.0
0.0,3.5944695e-06,0.00075072324,0.0,0.0,0.0,0.0,0.0,0.0008886752,0.0,0.0,0.004527989,0.0,0.0,0.0002886422,0.0,0.0,0.0,0.00030051338,0.0018794476,0.00012698381,0.00072019757,0.0037309746,1.6228042e-06,0.0,0.0,0.0,0.0,0.0,0.0,0.0,5.8032892e-05,0.0,0.0,0.0025112217,0.0,2.783384e-05,0.0,7.6582575e-05,0.0,0.0,0.0,0.0,0.0,0.0017810044,0.0,9.5762516e-05,0.00012340539,0.0,0.0,1.9715137e-06,0.0,0.00066832255,0.0,0.0,0.0,0.0,4.2177013e-05,0.0,0.0,3.241802e-05,8.931988e-05,5.265535e-05,0.0,0.0004583859,0.0,1.7426283e-06,0.003009611,0.0,0.0,0.0,0.0,0.0,0.0,0.0,0.0,0.0,0.0,1.952431e-08,0.0,0.0,0.0,0.00021385269,0.00021547754,0.0,0.0,0.0,0.0,0.0,0.0,0.0,0.0,0.00018444302,0.00023015942,0.0,0.0,0.0,0.0,6.0788385e-05,0.0074887443,0.0,0.0,0.0,0.0005144355,0.0,0.0,0.0,3.3549886e-06,0.0,9.807053e-06,0.0017052061,0.0,0.00010273266,0.00020483388,9.581653e-07,1.959191e-06,0.0029434557,0.00013111335,0.0,0.0009351766,0.0,0.0,2.1349408e-05,0.0,0.0,0.00078811136,2.126433e-06,0.0,0.0,0.0,0.0,0.0,0.0,0.0,0.0,0.0,0.0041642357,2.578612e-06,0.0040581436,0.00033103005,0.0,0.0,0.0,0.00022216527,0.0005920875,0.0003909651,0.003950639,0.00037351972,0.0,0.0,0.0,0.0007450661,0.0003769467,0.00022101199,0.0,0.0,0.0,0.0,0.0,0.0,2.076682e-05,0.0011643466,0.0,1.0011223e-06,0.0,3.2904921e-07,0.0,0.0,0.0023275523,0.0,0.00030942902,0.0015469241,0.0,0.0,0.0,0.0,0.0,0.0,0.0,0.0005093168,0.0,0.00011374125,0.0,0.0,0.0,0.00029776082,0.0,0.00020465096,0.0,0.0,0.0,0.0,0.0,0.0,0.0,0.0,0.0,0.0,0.0,0.0
0.0,0.00016324045,0.020774618,0.0032677308,0.0206163,0.0,0.0,0.00084050634,0.20088817,0.0,0.0,0.15116903,0.0,0.0,0.020319829,0.0,0.0,0.00030051338,0.0,0.09494226,0.00014221128,0.20554209,0.04688487,0.044140838,0.0,0.0,7.536571e-08,0.0,0.012760763,0.0,0.0,0.0958639,0.0,0.0,0.23627815,0.0,0.00043947174,0.0,0.058635928,0.0,0.0,0.0,0.0,0.0,0.0736849,0.0,0.064646035,0.68932766,0.0,0.0,0.050668985,0.00020880689,0.13661219,3.756888e-08,0.0,0.0,0.0,0.22711183,0.0,0.0,0.05736632,0.395968,0.17543505,0.0,0.15203424,0.0,0.029894281,0.25192997,0.0,0.0,0.0,0.0,0.0,0.0,0.0,0.0,0.0,0.0,0.0033155808,0.0,0.0,0.0,0.027799398,0.0027538573,0.0,0.0,0.0,0.0,0.0,0.0,0.0,0.0,0.050108623,0.19229278,4.866074e-05,0.0,0.0,0.0,0.013364993,0.013865881,0.0,0.0,0.0,0.13159491,0.023248976,0.0,0.0,0.33988735,0.0,0.00393899,0.014446808,0.0,0.0029693723,0.13947167,0.0037995277,0.066524565,0.07648189,0.0005422489,0.00014324066,0.19127682,0.0,0.0009378003,0.078087166,0.0,0.031128528,0.06426427,0.0018424696,0.0,0.0,0.0,0.0,0.0,3.4571538e-05,0.0012902534,0.0,0.0,0.039029818,0.0048342897,0.048474763,0.013704752,0.0,0.0,0.0,0.013837037,0.014401206,0.15445748,0.051052526,0.14335652,0.0,0.0,1.0851744e-05,0.074076116,0.17397395,0.13495877,0.0,7.163455e-05,0.0,0.0,0.024278855,0.00034851322,0.003868587,0.28440696,0.0,0.02601631,0.00026400213,0.0010761309,0.0,0.0,0.06489905,0.0,0.9306375,0.08585042,0.03546129,0.0,0.0,0.0,0.02116003,8.955385e-06,0.005450746,0.03699552,0.0,0.09806301,0.0,0.00038444903,0.0,0.04064879,0.0,0.048565846,0.0001520314,0.0,0.0,0.0,0.0,0.030839369,0.0020923987,0.0,0.0,0.0012530448,0.0,0.0
0.0,0.00014004523,0.06804988,0.00032386472,0.2709022,0.0,0.0,3.3512875e-05,0.34453204,0.0,0.0,0.13692641,0.0,0.0,0.010426797,0.0,0.0,0.0018794476,0.09494226,0.0,0.0028562194,0.07599982,0.12527192,0.00605418,0.0,0.0,0.000541985,0.0,0.0016294889,0.0,0.0,0.0194126,0.0,0.0,0.054292355,0.0,0.0014578339,0.0,0.052303344,0.0,0.0,0.0,0.0,0.0,0.068383425,0.0,0.054167014,0.02358746,0.0,0.0,0.010383143,1.1534125e-06,0.093672805,0.0002701728,0.0,0.0,0.0,0.017162675,0.0,0.0,0.007584208,0.03606221,0.012574566,0.0,0.046343237,0.0,0.011468865,0.26336887,0.0,0.0,0.0,0.0,0.0,0.0,0.0,0.0,0.0,0.0,8.015016e-06,0.0,0.0,0.0,0.030637814,0.0013311933,0.0,0.0,0.0,0.0,0.0,0.0,0.0,0.0,0.28820616,0.052995205,0.0008787731,0.0,0.0,0.0,0.08148532,0.43212363,0.0,0.0,0.0,0.13300133,0.020832727,0.0,0.0,0.07560403,0.0,0.03222075,0.2675227,0.0,0.0020718097,0.057648882,0.00037454517,0.015548852,0.13482772,0.011515393,1.121566e-07,0.031572472,0.0,0.0010389992,0.03861331,0.0,0.028679743,0.06545936,0.0030299732,0.0,0.0,0.0,0.0,0.0,2.7069335e-08,0.07587288,0.0,0.0,0.22337417,0.020310871,0.2703228,0.004743013,0.0,0.0,0.0,0.0067908927,0.29603577,0.033979844,0.34537834,0.14052518,0.0,0.0,1.16783e-05,0.08540102,0.051031213,0.13929166,0.0,1.844107e-05,0.0,0.0,0.012295937,0.012158541,0.0071959603,0.09679334,0.0,0.09164565,0.005539841,0.01270846,0.0,0.0,0.042180974,0.0,0.12353386,0.053734876,0.03117241,0.0,0.0,0.0,0.21211459,7.012017e-09,0.24730985,0.2277774,0.0,0.03196116,0.0,0.0009618915,0.0,0.15268026,0.0,0.23672034,9.3665785e-06,0.0,0.0,0.0,0.0,0.060075838,0.00023993781,0.0,0.0,2.7046624e-05,0.0,0.0
0.0,4.4135396e-07,0.001525362,0.0,0.00089312124,0.0,0.0,0.0,0.0018883506,0.0,0.0,0.0046288334,0.0,0.0,0.000997606,0.0,0.0,0.00012698381,0.00014221128,0.0028562194,0.0,0.0037892922,0.0077563017,2.4330875e-05,0.0,0.0,0.0,0.0,0.0,0.0,0.0,0.00014821027,0.0,0.0,0.0035425816,0.0,0.00021032618,0.0,0.005771086,0.0,0.0,0.0,0.0,0.0,0.013670462,0.0,0.00024991765,0.00072416547,0.0,0.0,3.549208e-05,0.0,0.0012741374,0.0,0.0,0.0,0.0,0.00016776792,0.0,0.0,2.9106523e-05,0.0005075277,0.00020083369,0.0,0.02075204,0.0,3.0510326e-05,0.0005079751,0.0,0.0,0.0,0.0,0.0,0.0,0.0,0.0,0.0,0.0,1.4753532e-07,0.0,0.0,0.0,0.00026312892,2.1542262e-05,0.0,0.0,0.0,0.0,0.0,0.0,0.0,0.0,0.0014939074,0.004909049,0.0,0.0,0.0,0.0,0.0050950767,0.009403717,0.0,0.0,0.0,0.0038873274,0.0,0.0,0.0,2.5351952e-05,0.0,7.410693e-05,0.0024695303,0.0,1.0219685e-05,4.2861477e-05,2.2741465e-06,1.4804616e-05,0.0031403499,0.000992381,0.0,0.008043844,0.0,0.0,0.00016132666,0.0,1.7908034e-05,0.014660085,0.00049889134,0.0,0.0,0.0,0.0,0.0,0.0,6.2578656e-05,0.0,0.0,0.0034711424,0.00012167797,0.01070074,5.0088955e-05,0.0,0.0,0.0,0.008155287,0.0046763434,0.0020204976,0.007594547,0.00337674,0.0,0.0,0.0,0.013276489,0.020035438,0.00075535825,0.0,0.0,0.0,0.0,0.0020803295,0.00030336727,0.00038466076,0.0038369475,0.0,7.628476e-05,0.0,2.4864582e-06,0.0,0.0,0.034207296,0.0,0.0007949416,0.014445737,0.002882447,0.0,0.0,0.0,0.0017682973,0.0,0.008931419,0.0038486489,0.0,0.0016660059,0.0,0.0,0.0,0.002203368,0.0,0.0017934926,0.0,0.0,0.0,0.0,0.0,0.000101687794,0.0,0.0,0.0,0.0,0.0,0.0
0.0,0.0014989185,0.014188915,0.0028589128,0.023457294,0.0,0.0,0.0011002038,0.18738991,0.0,0.0,0.09846518,0.0,0.0,0.019084964,0.0,0.0,0.00072019757,0.20554209,0.07599982,0.0037892922,0.0,0.016571812,0.08710778,0.0,0.0,0.0015025202,0.0,0.017666416,0.0,0.0,0.05447846,0.0,0.0,0.40894344,0.0,0.0009939399,0.0,0.136446,0.0,0.0,0.0,0.0,0.0,0.12826549,0.0,0.030178575,0.2466312,0.0,0.0,0.08882464,5.086289e-05,0.2509132,0.0027268308,0.0,0.0,0.0,0.15553808,0.0,0.0,0.06423253,0.17316481,0.19149922,0.0,0.28319266,0.0,0.143578,0.05132559,0.0,0.0,0.0,0.0,0.0,0.0,0.0,0.0,0.0,0.0,0.0044978857,0.0,0.0,0.0,0.22087209,0.005389519,0.0,0.0,0.0,0.0,0.0,0.0,0.0,0.0,0.20105876,0.12004969,0.000108015054,0.0,0.0,0.0,0.03769968,0.13935733,0.0,0.0,0.0,0.56917757,0.11421606,0.0,0.0,0.18486872,0.0,0.0013549976,0.028411234,0.0,0.0200897,0.1217674,0.0009496263,0.0999343,0.34980157,0.0071796915,1.3719999e-05,0.118473254,0.0,0.0005241267,0.09509563,0.0,0.065462336,0.1345631,0.026702406,0.0,0.0,0.0,0.0,0.0,3.3113602e-06,0.00049178256,0.0,0.0,0.13963692,0.014331305,0.021258174,0.082033195,0.0,0.0,0.0,0.049622007,0.20330983,0.19422843,0.04049691,0.46232903,0.0,0.0,0.0006021531,0.19846895,0.38128123,0.3158003,0.0,3.702635e-05,0.0,0.0,0.0081458995,0.00041903803,0.004845011,0.74543023,0.0,0.039215215,0.00020099343,8.300881e-05,0.0,0.0,0.14215447,0.0,0.28631046,0.2199463,0.15187797,0.0,0.0,0.0,0.024627829,8.577724e-07,0.034419354,0.0606002,0.0,0.084411874,0.0,0.00016933044,0.0,0.12434995,0.0,0.20847884,0.00011562626,0.0,0.0,0.0,0.0,0.117006294,0.0025463349,0.0,0.0,0.0010748472,0.0,0.0
0.0,1.8309805e-05,0.043665595,0.00030716028,0.13007136,0.0,0.0,2.0914733e-05,0.023459801,0.0,0.0,0.13806736,0.0,0.0,0.13405976,0.0,0.0,0.0037309746,0.04688487,0.12527192,0.0077563017,0.016571812,0.0,0.023358488,0.0,0.0,1.672136e-09,0.0,0.0018324935,0.0,0.0,0.053368967,0.0,0.0,0.07198235,0.0,0.0015575652,0.0,0.0558287,0.0,0.0,0.0,0.0,0.0,0.1160879,0.0,0.025447,0.06433225,0.0,0.0,0.02057811,0.0004586442,0.041899413,8.335391e-10,0.0,0.0,0.0,0.05575748,0.0,0.0,0.0032917212,0.02945421,0.039315883,0.0,0.06844967,0.0,0.022890532,0.015507013,0.0,0.0,0.0,0.0,0.0,0.0,0.0,0.0,0.0,0.0,0.0,0.0,0.0,0.0,0.0015465686,0.0011030785,0.0,0.0,0.0,0.0,0.0,0.0,0.0,0.0,0.303665,0.12135587,4.6700716e-06,0.0,0.0,0.0,0.38772008,0.29926044,0.0,0.0,0.0,0.049268287,0.041190565,0.0,0.0,0.03593293,0.0,9.018325e-08,0.51965606,0.0,0.00052494556,0.040215373,0.0002667046,0.016738866,0.07928511,0.0031726663,4.9528233e-05,0.16809484,0.0,0.00025092618,0.03235376,0.0,0.02739108,0.06311347,0.002351644,0.0,0.0,0.0,0.0,0.0,1.1953782e-05,0.02539838,0.0,0.0,0.20214501,0.020173024,0.5979492,0.0016852933,0.0,0.0,0.0,0.020109318,0.2648008,0.015491107,0.19615753,0.032568295,0.0,0.0,0.0,0.06906252,0.06732848,0.11654358,0.0,7.1887675e-06,0.0,0.0,0.07479569,0.010161638,0.025561783,0.016137626,0.0,0.033828106,0.0006999624,0.005144643,0.0,0.0,0.05883422,0.0,0.076813154,0.013118538,0.008143878,0.0,0.0,0.0,0.34885934,3.0964984e-06,0.146134,0.14591642,0.0,0.055228285,0.0,4.450787e-05,0.0,0.044137254,0.0,0.35727167,3.6576123e-06,0.0,0.0,0.0,0.0,0.06456267,0.00022895253,0.0,0.0,0.002664099,0.0,0.0
0.0,4.7890353e-07,0.007347905,0.005336744,0.100193545,0.0,0.0,0.00055165007,0.044630364,0.0,0.0,0.004341549,0.0,0.0,0.0074540596,0.0,0.0,1.6228042e-06,0.044140838,0.00605418,2.4330875e-05,0.08710778,0.023358488,0.0,0.0,0.0,6.404735e-07,0.0,0.009373472,0.0,0.0,0.018086616,0.0,0.0,0.015983801,0.0,0.0007163706,0.0,0.09904407,0.0,0.0,0.0,0.0,0.0,0.011663047,0.0,0.00406883,0.05812252,0.0,0.0,0.22345924,2.4124907e-05,0.13106485,3.192682e-07,0.0,0.0,0.0,0.02672926,0.0,0.0,0.10506084,0.04230199,0.0337077,0.0,0.443512,0.0,0.2505134,0.017596789,0.0,0.0,0.0,0.0,0.0,0.0,0.0,0.0,0.0,0.0,1.3191696e-09,0.0,0.0,0.0,0.017335452,0.0011714894,0.0,0.0,0.0,0.0,0.0,0.0,0.0,0.0,0.01840057,0.005849386,0.00039782727,0.0,0.0,0.0,0.028569296,0.026424732,0.0,0.0,0.0,0.35240322,0.24666497,0.0,0.0,0.035786055,0.0,0.000299611,0.055845927,0.0,1.8521628e-09,0.035957273,0.00017346459,0.2004995,0.019707441,0.0029353334,0.0017436526,0.0048050266,0.0,0.0024993625,0.17943013,0.0,0.4081194,0.09126453,0.0065739877,0.0,0.0,0.0,0.0,0.0,0.00021891856,0.005493425,0.0,0.0,0.034308325,0.003466386,0.046167687,0.0012468682,0.0,0.0,0.0,0.028667407,0.007896585,0.0046771644,0.012150338,0.18757908,0.0,0.0,8.628306e-06,0.11417753,0.34146425,0.079981565,0.0,6.812923e-06,0.0,0.0,0.12396647,0.0019588706,0.0005430215,0.050639853,0.0,0.05581737,0.0046991706,0.0001737032,0.0,0.0,0.1209233,0.0,0.06464366,0.043391418,0.1645627,0.0,0.0,0.0,0.099617004,5.6708494e-05,0.013486141,0.01643153,0.0,0.0107498085,0.0,0.000329532,0.0,0.02921528,0.0,0.018876577,2.7739388e-05,0.0,0.0,0.0,0.0,0.3132428,0.0024758715,0.0,0.0,0.00016358322,0.0,0.0
0.0,0.0,0.0,0.0,0.0,0.0,0.0,0.0,0.0,0.0,0.0,0.0,0.0,0.0,0.0,0.0,0.0,0.0,0.0,0.0,0.0,0.0,0.0,0.0,0.0,0.0,0.0,0.0,0.0,0.0,0.0,0.0,0.0,0.0,0.0,0.0,0.0,0.0,0.0,0.0,0.0,0.0,0.0,0.0,0.0,0.0,0.0,0.0,0.0,0.0,0.0,0.0,0.0,0.0,0.0,0.0,0.0,0.0,0.0,0.0,0.0,0.0,0.0,0.0,0.0,0.0,0.0,0.0,0.0,0.0,0.0,0.0,0.0,0.0,0.0,0.0,0.0,0.0,0.0,0.0,0.0,0.0,0.0,0.0,0.0,0.0,0.0,0.0,0.0,0.0,0.0,0.0,0.0,0.0,0.0,0.0,0.0,0.0,0.0,0.0,0.0,0.0,0.0,0.0,0.0,0.0,0.0,0.0,0.0,0.0,0.0,0.0,0.0,0.0,0.0,0.0,0.0,0.0,0.0,0.0,0.0,0.0,0.0,0.0,0.0,0.0,0.0,0.0,0.0,0.0,0.0,0.0,0.0,0.0,0.0,0.0,0.0,0.0,0.0,0.0,0.0,0.0,0.0,0.0,0.0,0.0,0.0,0.0,0.0,0.0,0.0,0.0,0.0,0.0,0.0,0.0,0.0,0.0,0.0,0.0,0.0,0.0,0.0,0.0,0.0,0.0,0.0,0.0,0.0,0.0,0.0,0.0,0.0,0.0,0.0,0.0,0.0,0.0,0.0,0.0,0.0,0.0,0.0,0.0,0.0,0.0,0.0,0.0,0.0,0.0,0.0,0.0,0.0,0.0,0.0,0.0,0.0,0.0,0.0,0.0
0.0,0.0,0.0,0.0,0.0,0.0,0.0,0.0,0.0,0.0,0.0,0.0,0.0,0.0,0.0,0.0,0.0,0.0,0.0,0.0,0.0,0.0,0.0,0.0,0.0,0.0,0.0,0.0,0.0,0.0,0.0,0.0,0.0,0.0,0.0,0.0,0.0,0.0,0.0,0.0,0.0,0.0,0.0,0.0,0.0,0.0,0.0,0.0,0.0,0.0,0.0,0.0,0.0,0.0,0.0,0.0,0.0,0.0,0.0,0.0,0.0,0.0,0.0,0.0,0.0,0.0,0.0,0.0,0.0,0.0,0.0,0.0,0.0,0.0,0.0,0.0,0.0,0.0,0.0,0.0,0.0,0.0,0.0,0.0,0.0,0.0,0.0,0.0,0.0,0.0,0.0,0.0,0.0,0.0,0.0,0.0,0.0,0.0,0.0,0.0,0.0,0.0,0.0,0.0,0.0,0.0,0.0,0.0,0.0,0.0,0.0,0.0,0.0,0.0,0.0,0.0,0.0,0.0,0.0,0.0,0.0,0.0,0.0,0.0,0.0,0.0,0.0,0.0,0.0,0.0,0.0,0.0,0.0,0.0,0.0,0.0,0.0,0.0,0.0,0.0,0.0,0.0,0.0,0.0,0.0,0.0,0.0,0.0,0.0,0.0,0.0,0.0,0.0,0.0,0.0,0.0,0.0,0.0,0.0,0.0,0.0,0.0,0.0,0.0,0.0,0.0,0.0,0.0,0.0,0.0,0.0,0.0,0.0,0.0,0.0,0.0,0.0,0.0,0.0,0.0,0.0,0.0,0.0,0.0,0.0,0.0,0.0,0.0,0.0,0.0,0.0,0.0,0.0,0.0,0.0,0.0,0.0,0.0,0.0,0.0
0.0,1.2826619e-05,0.00025801794,1.2604441e-08,0.0011175587,0.0,0.0,4.0307304e-09,6.1679175e-06,0.0,0.0,0.00046096402,0.0,0.0,7.358908e-05,0.0,0.0,0.0,7.536571e-08,0.000541985,0.0,0.0015025202,1.672136e-09,6.404735e-07,0.0,0.0,0.0,0.0,0.0,0.0,0.0,7.5715905e-09,0.0,0.0,0.0019074202,0.0,6.530622e-11,0.0,0.00057527795,0.0,0.0,0.0,0.0,0.0,0.0006717342,0.0,9.525694e-08,3.812861e-08,0.0,0.0,3.7987588e-10,0.0,4.9224353e-05,8.933899e-05,0.0,0.0,0.0,2.7932426e-06,0.0,0.0,0.0003117949,5.229844e-09,5.655431e-06,0.0,0.0003350494,0.0,1.1853801e-06,5.2328165e-08,0.0,0.0,0.0,0.0,0.0,0.0,0.0,0.0,0.0,0.0,0.0,0.0,0.0,0.0,0.00012265352,2.8161537e-08,0.0,0.0,0.0,0.0,0.0,0.0,0.0,0.0,0.006907991,0.0005444501,0.0,0.0,0.0,0.0,0.0011517116,0.0018360497,0.0,0.0,0.0,0.0010528241,0.0013745623,0.0,0.0,9.164793e-08,0.0,4.7354137e-05,0.0023295619,0.0,0.0,9.0442704e-08,0.0,0.00025249488,0.00043705266,2.501748e-05,0.0,0.0007239398,0.0,5.55387e-12,0.00029436598,0.0,8.6177334e-07,0.0006379607,0.00019537614,0.0,0.0,0.0,0.0,0.0,0.0,0.00014077866,0.0,0.0,0.0022180239,6.11483e-09,0.0015783391,0.00013469452,0.0,0.0,0.0,0.00041055033,0.0014963737,0.00031433007,0.002124713,0.0013395608,0.0,0.0,0.0,0.00081630005,0.00022296018,3.9718757e-06,0.0,5.115628e-11,0.0,0.0,0.001969991,2.9251764e-12,0.0,0.0012479831,0.0,0.00033579385,3.3084237e-11,0.0,0.0,0.0,0.000654526,0.0,7.930564e-08,3.6367554e-05,0.0005153417,0.0,0.0,0.0,0.0020360157,0.0,0.00085333956,0.00046071332,0.0,0.0004955696,0.0,9.851153e-13,0.0,0.0026704369,0.0,0.008240396,1.912271e-10,0.0,0.0,0.0,0.0,0.0026571965,0.0,0.0,0.0,0.0,0.0,0.0
0.0,0.0,0.0,0.0,0.0,0.0,0.0,0.0,0.0,0.0,0.0,0.0,0.0,0.0,0.0,0.0,0.0,0.0,0.0,0.0,0.0,0.0,0.0,0.0,0.0,0.0,0.0,0.0,0.0,0.0,0.0,0.0,0.0,0.0,0.0,0.0,0.0,0.0,0.0,0.0,0.0,0.0,0.0,0.0,0.0,0.0,0.0,0.0,0.0,0.0,0.0,0.0,0.0,0.0,0.0,0.0,0.0,0.0,0.0,0.0,0.0,0.0,0.0,0.0,0.0,0.0,0.0,0.0,0.0,0.0,0.0,0.0,0.0,0.0,0.0,0.0,0.0,0.0,0.0,0.0,0.0,0.0,0.0,0.0,0.0,0.0,0.0,0.0,0.0,0.0,0.0,0.0,0.0,0.0,0.0,0.0,0.0,0.0,0.0,0.0,0.0,0.0,0.0,0.0,0.0,0.0,0.0,0.0,0.0,0.0,0.0,0.0,0.0,0.0,0.0,0.0,0.0,0.0,0.0,0.0,0.0,0.0,0.0,0.0,0.0,0.0,0.0,0.0,0.0,0.0,0.0,0.0,0.0,0.0,0.0,0.0,0.0,0.0,0.0,0.0,0.0,0.0,0.0,0.0,0.0,0.0,0.0,0.0,0.0,0.0,0.0,0.0,0.0,0.0,0.0,0.0,0.0,0.0,0.0,0.0,0.0,0.0,0.0,0.0,0.0,0.0,0.0,0.0,0.0,0.0,0.0,0.0,0.0,0.0,0.0,0.0,0.0,0.0,0.0,0.0,0.0,0.0,0.0,0.0,0.0,0.0,0.0,0.0,0.0,0.0,0.0,0.0,0.0,0.0,0.0,0.0,0.0,0.0,0.0,0.0
0.0,0.0,0.0004612055,0.00055079826,0.005044553,0.0,0.0,0.0,0.0035565437,0.0,0.0,0.002684218,0.0,0.0,0.0023286706,0.0,0.0,0.0,0.012760763,0.0016294889,0.0,0.017666416,0.0018324935,0.009373472,0.0,0.0,0.0,0.0,0.0,0.0,0.0,0.0036095707,0.0,0.0,0.00074435107,0.0,0.0,0.0,0.00070547796,0.0,0.0,0.0,0.0,0.0,0.001525916,0.0,3.316075e-05,0.016670084,0.0,0.0,0.0048860754,4.5019074e-06,0.012706943,0.0,0.0,0.0,0.0,0.0,0.0,0.0,0.0,0.012769743,0.0,0.0,0.017210683,0.0,0.01117833,0.00023764702,0.0,0.0,0.0,0.0,0.0,0.0,0.0,0.0,0.0,0.0,0.0,0.0,0.0,0.0,0.0020859935,0.0,0.0,0.0,0.0,0.0,0.0,0.0,0.0,0.0,0.0032980072,0.00077974575,1.6030956e-05,0.0,0.0,0.0,0.0015644324,0.002365813,0.0,0.0,0.0,0.016124211,0.0027776316,0.0,0.0,0.012506628,0.0,0.0,0.005109129,0.0,0.0,0.010117193,8.80013e-05,0.009041148,0.0044654836,0.00039069713,8.470314e-05,0.0012030314,0.0,0.0,0.012527065,0.0,0.008882036,0.0008161634,0.0,0.0,0.0,0.0,0.0,0.0,1.4787113e-05,8.760497e-05,0.0,0.0,0.0073486213,5.2067597e-05,0.0027733662,0.0,0.0,0.0,0.0,0.0,0.0049883374,0.0005176337,0.002130376,0.016534995,0.0,0.0,0.0,0.00080370164,0.016699182,0.010449034,0.0,0.0,0.0,0.0,0.006828559,0.0,0.00015806848,0.011342004,0.0,0.002318958,6.112923e-05,2.3769018e-05,0.0,0.0,0.0013601779,0.0,0.015565037,0.0010608644,0.01179479,0.0,0.0,0.0,0.006184276,3.8304424e-06,9.6449345e-05,0.00070994726,0.0,0.0,0.0,0.0,0.0,0.0,0.0,0.003255029,0.0,0.0,0.0,0.0,0.0,0.0072165634,0.00013892328,0.0,0.0,0.00012420282,0.0,0.0
0.0,0.0,0.0,0.0,0.0,0.0,0.0,0.0,0.0,0.0,0.0,0.0,0.0,0.0,0.0,0.0,0.0,0.0,0.0,0.0,0.0,0.0,0.0,0.0,0.0,0.0,0.0,0.0,0.0,0.0,0.0,0.0,0.0,0.0,0.0,0.0,0.0,0.0,0.0,0.0,0.0,0.0,0.0,0.0,0.0,0.0,0.0,0.0,0.0,0.0,0.0,0.0,0.0,0.0,0.0,0.0,0.0,0.0,0.0,0.0,0.0,0.0,0.0,0.0,0.0,0.0,0.0,0.0,0.0,0.0,0.0,0.0,0.0,0.0,0.0,0.0,0.0,0.0,0.0,0.0,0.0,0.0,0.0,0.0,0.0,0.0,0.0,0.0,0.0,0.0,0.0,0.0,0.0,0.0,0.0,0.0,0.0,0.0,0.0,0.0,0.0,0.0,0.0,0.0,0.0,0.0,0.0,0.0,0.0,0.0,0.0,0.0,0.0,0.0,0.0,0.0,0.0,0.0,0.0,0.0,0.0,0.0,0.0,0.0,0.0,0.0,0.0,0.0,0.0,0.0,0.0,0.0,0.0,0.0,0.0,0.0,0.0,0.0,0.0,0.0,0.0,0.0,0.0,0.0,0.0,0.0,0.0,0.0,0.0,0.0,0.0,0.0,0.0,0.0,0.0,0.0,0.0,0.0,0.0,0.0,0.0,0.0,0.0,0.0,0.0,0.0,0.0,0.0,0.0,0.0,0.0,0.0,0.0,0.0,0.0,0.0,0.0,0.0,0.0,0.0,0.0,0.0,0.0,0.0,0.0,0.0,0.0,0.0,0.0,0.0,0.0,0.0,0.0,0.0,0.0,0.0,0.0,0.0,0.0,0.0
0.0,0.0,0.0,0.0,0.0,0.0,0.0,0.0,0.0,0.0,0.0,0.0,0.0,0.0,0.0,0.0,0.0,0.0,0.0,0.0,0.0,0.0,0.0,0.0,0.0,0.0,0.0,0.0,0.0,0.0,0.0,0.0,0.0,0.0,0.0,0.0,0.0,0.0,0.0,0.0,0.0,0.0,0.0,0.0,0.0,0.0,0.0,0.0,0.0,0.0,0.0,0.0,0.0,0.0,0.0,0.0,0.0,0.0,0.0,0.0,0.0,0.0,0.0,0.0,0.0,0.0,0.0,0.0,0.0,0.0,0.0,0.0,0.0,0.0,0.0,0.0,0.0,0.0,0.0,0.0,0.0,0.0,0.0,0.0,0.0,0.0,0.0,0.0,0.0,0.0,0.0,0.0,0.0,0.0,0.0,0.0,0.0,0.0,0.0,0.0,0.0,0.0,0.0,0.0,0.0,0.0,0.0,0.0,0.0,0.0,0.0,0.0,0.0,0.0,0.0,0.0,0.0,0.0,0.0,0.0,0.0,0.0,0.0,0.0,0.0,0.0,0.0,0.0,0.0,0.0,0.0,0.0,0.0,0.0,0.0,0.0,0.0,0.0,0.0,0.0,0.0,0.0,0.0,0.0,0.0,0.0,0.0,0.0,0.0,0.0,0.0,0.0,0.0,0.0,0.0,0.0,0.0,0.0,0.0,0.0,0.0,0.0,0.0,0.0,0.0,0.0,0.0,0.0,0.0,0.0,0.0,0.0,0.0,0.0,0.0,0.0,0.0,0.0,0.0,0.0,0.0,0.0,0.0,0.0,0.0,0.0,0.0,0.0,0.0,0.0,0.0,0.0,0.0,0.0,0.0,0.0,0.0,0.0,0.0,0.0
0.0,6.221476e-07,0.041290417,0.0007196597,0.05399225,0.0,0.0,9.4703944e-05,0.19311422,0.0,0.0,0.018690687,0.0,0.0,0.040295623,0.0,0.0,5.8032892e-05,0.0958639,0.0194126,0.00014821027,0.05447846,0.053368967,0.018086616,0.0,0.0,7.5715905e-09,0.0,0.0036095707,0.0,0.0,0.0,0.0,0.0,0.057284363,0.0,0.00016765995,0.0,0.0072565493,0.0,0.0,0.0,0.0,0.0,0.019442974,0.0,0.020878825,0.18849246,0.0,0.0,0.021813113,2.4808856e-05,0.020950384,3.7743453e-09,0.0,0.0,0.0,0.38079828,0.0,0.0,0.01319579,0.22615935,0.30391163,0.0,0.031992193,0.0,0.01796505,0.12892118,0.0,0.0,0.0,0.0,0.0,0.0,0.0,0.0,0.0,0.0,2.74566e-05,0.0,0.0,0.0,0.0026004883,9.508044e-06,0.0,0.0,0.0,0.0,0.0,0.0,0.0,0.0,0.10291599,0.0071692807,7.5380703e-06,0.0,0.0,0.0,0.01504528,0.13936901,0.0,0.0,0.0,0.022564897,0.0029573916,0.0,0.0,0.052526295,0.0,0.0026743442,0.036112793,0.0,3.8550097e-05,0.06623357,0.0057720235,0.018248588,0.038293943,0.0008097131,2.4123865e-06,0.009127957,0.0,1.786075e-05,0.0054668565,0.0,0.009359458,0.013734897,0.00040030148,0.0,0.0,0.0,0.0,0.0,5.8223674e-07,0.028381154,0.0,0.0,0.17492284,0.007795237,0.055096515,0.00023917732,0.0,0.0,0.0,0.0013608313,0.08273228,0.010920812,0.0487033,0.011034449,0.0,0.0,0.0,0.012641798,0.03141348,0.04712429,0.0,3.2551452e-05,0.0,0.0,0.047994923,0.0007016812,0.009555271,0.034032527,0.0,0.031530246,0.0001037684,0.00035814347,0.0,0.0,0.014388167,0.0,0.09485875,0.007977726,0.002675214,0.0,0.0,0.0,0.039775614,1.5082209e-07,0.094478145,0.042809952,0.0,0.0028869107,0.0,3.1680397e-06,0.0,0.04105675,0.0,0.092387386,1.6562028e-05,0.0,0.0,0.0,0.0,0.05057412,0.00052495365,0.0,0.0,0.0005817484,0.0,0.0
